1520517642 Student1 1 1 1 1 0 0 0 1 0 1 1 0 0 0 0 0 0
1520567642 Student2 0 1 1 1 1 0 1 1 1 1 1 1 1 0 1 0 1
1520577642 Student3 1 0 1 1 1 0 1 1 1 1 1 1 1 0 1 0 0
1520587642 Student4 0 0 1 1 1 0 1 0 1 1 1 1 1 0 1 0 1
1520547642 Student5 1 0 0 0 0 0 1 1 0 0 0 0 1 0 0 0 0
1520327642 Student6 0 1 1 1 1 0 1 0 1 1 1 0 1 0 1 0 1
1520527742 Student7 0 0 1 1 1 0 1 1 1 1 1 1 1 0 1 0 1
1520527842 Student8 0 0 1 1 1 1 1 0 1 1 1 0 1 0 1 0 0
1520527642 Student9 1 0 1 1 1 0 1 1 1 1 1 1 1 0 1 0 1
1520524642 Student10 1 1 1 1 1 0 1 0 1 1 1 1 1 0 1 0 1
1520427642 Student11 0 1 1 1 1 0 1 0 1 1 1 0 1 0 1 0 1
1520227642 Student12 1 0 1 1 1 1 1 0 1 1 1 0 1 0 1 0 1
1530527642 Student13 1 1 1 1 1 0 1 0 1 1 1 0 1 0 1 0 0
1540527642 Student14 0 1 1 1 1 0 1 0 1 1 1 1 1 0 1 0 1
1520527642 Student15 1 1 1 1 1 0 1 0 1 1 1 0 1 0 1 0 1
1560587642 Student16 0 0 1 0 1 0 1 0 0 0 0 0 0 0 1 0 0
1520547642 Student17 1 1 1 1 1 0 1 0 1 1 1 1 1 0 1 0 1
1520547642 Student18 0 1 1 1 1 0 1 0 1 1 1 1 1 0 1 0 0
1320567642 Student19 1 0 0 0 1 1 1 0 1 1 1 0 1 0 1 0 1
1420527642 Student20 1 1 1 1 1 0 1 0 1 1 1 0 1 0 1 0 1
1510527642 Student21 0 1 1 1 1 0 1 0 1 1 1 1 1 0 1 0 0
1570527642 Student22 1 0 1 1 1 0 1 0 1 1 1 1 1 0 1 0 0
1528527642 Student23 0 0 1 1 1 0 1 0 1 1 1 1 1 0 1 0 1
1524527642 Student24 1 1 1 1 1 0 1 0 1 1 1 0 1 0 1 0 0
1540527642 Student25 0 1 1 1 1 0 1 0 1 1 1 1 1 0 1 0 1